$ 1 0.000005 153.04748616641584 30 5 43 5e-11
v 112 192 112 240 0 0 40 5 0 0 0.5
v 528 48 576 48 0 0 40 24 0 0 0.5
178 272 224 272 288 0 1 0.2 0.24875621890544503 0.05 1000000 0.02 20 0.015 0.005 1
w 112 192 112 112 0
w 112 112 112 32 0
w 112 112 144 112 0
s 112 32 192 32 0 0 false
s 144 112 224 112 0 1 true
w 224 112 224 224 0
w 192 32 272 32 0
w 272 32 272 224 0
w 240 224 240 176 0
w 240 176 336 176 0
w 336 176 336 336 0
w 336 336 112 336 0
w 112 336 112 240 0
178 544 144 544 224 0 2 0.2 0.24875621890544503 0.05 1000000 0.02 20 0.015 0.005 1
w 256 288 160 288 0
w 160 288 160 144 0
w 160 144 208 144 0
w 208 144 224 112 0
w 608 224 608 320 0
w 576 224 576 256 0
w 560 224 560 256 0
w 560 256 576 256 0
415 576 256 576 320 0 0.5 1 0.15 0.15 0.02 0.05 1 0
w 528 224 528 320 0
w 528 320 576 320 0
w 576 320 608 320 0
w 528 48 528 96 0
w 544 128 544 144 0
w 528 96 544 96 0
w 544 96 544 128 0
w 576 48 592 48 0
w 592 48 592 144 0
w 256 288 256 368 0
w 256 368 384 368 0
w 384 368 384 128 0
w 384 128 496 128 0
w 496 128 496 144 0
w 512 144 512 64 0
w 512 64 448 64 0
w 448 64 448 416 0
w 448 416 112 416 0
w 112 416 112 336 0
